15 24 18 14 7  .  12 2  1  .  22 20 26 15 24
2  .  24 .  14 3  2  15 24 2  20 .  21 .  18
1  11 2  23 24 .  11 24 4  .  24 3  2  15 24
3  .  21 .  11 20 10 .  1  24 24 .  14 .  21
24 19 15 11 2  .  7  .  20 .  11 2  15 24 4
5  .  .  7  .  5  21 2  10 5  .  3  .  .  5
.  1  24 10 .  2  .  11 .  24 .  7  4  4  .
26 .  .  20 .  6  2  25 17 15 .  20 .  .  14
18 2  11 24 5  .  1  .  24 .  2  4  2  10 24
14 .  20 .  16 24 1  .  2  11 18 .  16 .  11
24 6  11 26 24 .  7  2  11 .  1  3  2  25 23
3  .  2  .  24 21 15 26 15 3  24 .  11 .  24
5  14 3  26 15 .  5  3  6  .  11 24 4  26 4

4=d
10=g

15 24 18 14 7
12 2 1
22 20 26 15 24
14 3 2 15 24 2 20
1 11 2 23 24
11 24 4
24 3 2 15 24
11 20 10
1 24 24
24 19 15 11 2
11 2 15 24 4
5 21 2 10 5
1 24 10
7 4 4
6 2 25 17 15
18 2 11 24 5
2 4 2 10 24
16 24 1
2 11 18
24 6 11 26 24
7 2 11
1 3 2 25 23
24 21 15 26 15 3 24
5 14 3 26 15
5 3 6
11 24 4 26 4
15 2 1 3 24 5
26 18 14 24 3 5
18 24 2 21 15
11 20 11 2 3
11 7 10 20 24
7 14 24 11 2
5 16 24 24 15
5 2 6
12 2 11 10 7 21
2 1 1 7 15 5
2 15 24
2 11 25
2 26 3
1 24 4 1 20 10
17 24 2 11 15 6
5 24 15
22 20 24 24 11
2 18 1 24 11
2 3 7 20 4
26 21 2 14 15
2 16 2 11 4
24 18 24 21 4 5
14 24 11 23 24 4